$ANSIBLE_VAULT;1.1;AES256
38663536663533383837306637353763333937336239616232376265353361623233633266663962
3062303966323230326335386630333530376239643662640a646133636535653163613131346163
65623133306466313932346566363038653336303333383032373735316434393535386563386534
6566623839356636610a613032383062313537323138346130656437656531663865316261623634
32393833306465333137343762303533396435353866303933666436373936633737313833326563
39373530346566366666326636376364373663666637346438626466643134633831613636313866
66663730656565396661326439646264313237653533393361636462396338666162636132336538
37663637356236323731633764336339653334653233633335646237373561656137643938366635
65623631643865653033396332636465366533326662383162313163643439363330326537353534
37663734316438646563636632343734353464313538656366373862303535303862373862613330
33663866376566363062663866353063386332353936366563316132343738326236353236643335
66353035616361323664346436343935323766343538636661323837636264316438356237333930
30306466333532656636346234373132613564333238643537393431663864313033323031303434
62323530643932633138333433353134303366373639343933343366353034343934333362663937
66376635353530643066393065653766626532303162383336396665313638663761633633303738
37303364383734643432366566303461306364326466643364356535396231376435333662666338
30613133313430383461393737353032333237393033396662383137353636306265383564643432
35633937393764376235333636663962303332616165613736633166323362363963623735653035
34393963646538333438663036323930646636356633333530363064306164633432663031313334
66626436623162643135623761313032626161623362336537666464326230333735633334626364
38396333353263633462653464306639363965373032663861373838323563376132653636663238
39323932383162616632323461366230313732633836613734343461653762306132636161626437
63616165636166616365313031303738653065613239663937366230653331313135353866313532
32356330663163386666336362623138353139393437333665643837333139643332653739306633
36383962386339663232656662326263396463636363383734653631346236316562393539326235
62616430626237306339323661613535396337353332313833633932343666343630363564633763
66623066306638303730326539386166363736343962383465313466353464633634663864306666
64316232636362306136396637646437393930323261376130666334653637393632383437663231
36373239353536656365343834333231623165383930313266633637346337376165613837383832
33393765313832393034366232393737653534643430626637316233393435316232326361303733
31353537623834653137333664336537303363326531383634396161333263373963623561366566
38323339616538643162666439643734613134303632336431306538323662363332646239326461
31313537346638663731303233353338613235653833363731643635376337366465386430373762
61313665663730313538653562386266313239333965386639663836313432633936643034646666
39343934393034323833646563633062383962316432343865376138383936333633396263643039
61303634633230306466633733633834643830316136353338313563626166656237333937346365
34323136643165633939373334323438393030373662666538383935373731303639616133636231
38353133336435363637653131393237653166316266643165616539336361616565336661653437
34303838623764383439326433653230643761363663393465363431363937613334393264643339
63336137323566383364366365323562616435363139633262316161653964646363396165356537
64656239663439663866356432643262316436356332346565333438326563653039343864633736
64666331306331666262333935613139623064386666313663616263643664333463393063633735
65353733336136343564306664396166643231316134306437613330333838623233623064663138
65306663346531316330343334306261663161626562623234396239613363626134363138363935
37613864346166306239316563613532346139393364653937303565306539643666313437626162
31636131646336636561373066356437383232663539663566363638333833393332623835303833
63376364386336643836636661303538373763393330626531393437366132333233626634626661
33653363643735633966343738633931313137633531613932653934323634613864306337303739
38353465336662316565376334333861373939656365316361633463303730353463303039363862
34653433333834393334323731656661646435623464363932393364366137646266656639333530
35323363366138663138633664353333666135656564343439356132366332376561383238326237
35643634393231653561356134303935353432346537396466346330326137366335373537613630
36356361636539663933643363393435366538656464313835393638643235393863393463636139
61303737376662343738653665393331636333643364303937333132363637666464393030373363
66663563333066623066626635633434656461663136303962383635393662303363376361323939
39336133653338353738306462613531313662613130373434663266316636346631396436663230
64643832313463316534373666313463383163666234393066323338643830316131363237643464
38383433336465653331373164663864343730626139363039626630363464316662346637643062
37313739626539303637646134663266616435376230343963663438353137326439333066333331
62666363626634653135633134666330343833656233366434393830353633643336363333656431
35626538663665636266326635376166646131643630356563323164373061663965613335326166
38633031336332343761376430373933346463393733326434616439643430363630383864316235
62376663613264333665363938383762333132356663313237333165643832376331363763633337
63623433363566333661363331306161306136326231306365313864373433363361383961653238
39353835663565366361333663326535373433373934326238353532633830383033313664656436
37353331373839616533653230646464633334373161376533393837643232333765653666656665
37653331313734323436353463393639313562656662613861643839313233323838383039333132
65343432353231366465643438633961343834363139363466383839383665303031393035376137
66303735656364636636306334316333363861646538313230386566333465366265346138353835
66663832616563303862373066306562616137666535363961363366353430333761663066653037
61316663636263363462386366366661363664393935656462366361656337396264396332386631
63353164623964666461646563393934333331663336353163653933333530303366363564636362
38653033366163666538396162383136653638393864393239326532326532666638356566663237
61376334363265323838303161343665343166323635623964663066393232363162373632303536
33613932343735346638613530336233633463396232646161326535623235663037646566343731
30623035333937343464323065316532663237313737633735653434393538353739303534653061
66326230333966666265316365326238653239303134636564383864346230343166643635316439
32373465653862643537623332323562313335653462643535313337316431626466633535343439
66623939373366663834363861663333646661623930363361336363633438326366303436653532
33363938613163333030386663333130666666633833303162333139346536643536383239336431
37643231646537643966653662313439396233616235313537353434366438373736393232643263
66666634326266316131643362383134666639303939646533663763666630356237663436653662
62373935313636333662383763356363613138653733353064303533313932366330393361333036
62636230383639376632383733646661303132343539313436346365313163333831333639316138
64653232303562303339356433623833316366396166306364646135376363326634646132623237
63356438633534326132356431373536393435323963373531646337646165366331666138393536
34613264626637363734313635626661613963363761656365653239383434376362623965366132
33376438343532316462653434376461396337376163346432333934643738633838373566666538
30653233373735643861373339346235343164313437373132636366653664373230326630666134
33656139333464303536323062653237383361323562393630313639396433363239653561313836
33316439353733346539373837626563636630643738343236613063393735396638316637666565
33343863373730323331373934306566623762306166386666376564656466373738623262633733
32313039396534386539613939356162623431363939376464353033616636663463633561336534
63653761663334383836353032386166626339326164613536633566623661393963316336663330
63666166366533623935396464643037396565383766633565353638303832643462386135373139
66616130643862663935363335623963633437656461373561356235663731333164623737633634
30333830323932333966376532623333363232343337396664306238646132633630353736643465
32353166663831363164333636666632386632356137636531666131623162313361613339326263
65306666633561333633383866373665363962326430326239343338336634626366393061323333
64373231313435383339363633646639336339363533326162363236346264623133366263343338
36643434363361336363613631396661376263643532323734386566613733633135303638613163
32386561356531373366316361626230353635346233376161336135623866306535306234393739
61643035666334323336323766623162343664383036323234623162623034643263633534396463
34653530326438663136366530646639666239313865623166376232373436346634343266666230
37386462323864626433643237376361623065643239366439643439656235303261336466393737
65313063363235633437663235313166396232653237333838396562336237663635663337633462
31653339626139326135633831616133666236656164356335366134303733653166613037653661
33316364356537353566646532373431333835303131396337633934336465666361666533643561
30313364396430323133356439376563643234623532313563326436633962383865653566343237
30626435386336636338366134646166636134343939343066373765636437616666336637303764
37306333626239303231313165393561626666393233393663333336323538313764353033336364
31623966303031656464623334666130363764376463326231613531323835653033363266366631
64636561343766663066343532653833396339306435643531346337323362303435396438343235
37613336336163313736663634336538316634383538373831616233646561646662663164633139
62333734663536613363626364396230346566666637393538323833346532633032333834623130
32653734383233326233303331666630326166663264666164663434333739643438376336346564
36633538313535623231353431636364623465636439346366363338356635303764363837616165
34333065363135373266343932623130316430666365303430613234316437323961383839323462
37373966313961386237353634653166636436633765663831306663383936373562333235373963
33643463653564363064616436393539643937356338623133303031653331623061313063653830
66626634313565623037396630646465653531653766353733303234613332613637383765346664
39393666336531383532386632663337356365313464363831353965356437633133653466396664
33666463303866326436313535343762346362383433343165303364643066666631373864373663
36363562343163663132613430643861663861663834343737653838616136366361323937313465
37373965313335666139333832363633653266383463323230626233303564616462663066626164
31333162383161333030626638656631613830633863356663643165363736346363336166393837
32356435646666393338636534346562626439643365313932363762376363373566353166663436
62373339343562373166343138383062393964343438656461656630326538663936613065643336
35646562323465663030386366386462363962326564393037633162636630306666386632303163
36373965616564383563656361656630383439663234326437336231383936633438363564613461
33633530653564656439323638633262353164386332653566386634383231616436333136316436
38653530396532383963373730616638343935303634653938613364393434613631386438623334
62373764633364366161333735646464373433636134646534303339633938653366323031633138
3433653766316663366536336539656535646266336335353165
